$ANSIBLE_VAULT;1.1;AES256
34633831633731366165393663346539643537623566346363323831663663363530363238623464
6364363631613963636363383031306531613461613564360a363665616634353966326430616631
63666636383136386165653933623330626230633430616565623336323331616165363061616361
6436393961346238620a623135643833333764653538306636666363373231626430636563336537
61613538626236653934346633323831626563613264376134316431343131623665666664646563
61316235306463383565306537333533663932376437323435363434653531383036666337393266
31663239376131383739306630326230653231633266633932336137396463353136393437613563
35613034653834313536343132323235303530326430653131303132316431383366393537613731
63363038636136333835666436613361656231383931326633636233373633626237373339336638
64306536313936623033623833313730353865653931633862316538623432386263636437636434
39363035376334323638633861663235396666316537326262363938336463313732323663383532
35303164336638643938616533626138333532393932663164656332313839383537653437623339
30616364366161373066333234373736326437316334356264373133616464336562656562336239
39616163373232313265336561643936653562646363323632393936626136643331663031343165
363936636338663666616431623736363135
