$ANSIBLE_VAULT;1.1;AES256
66633439633834666137613930383835343333643333363732346232393035326666363739323836
6430306165313462343133303261373031633634303265640a613061383237613732383062613135
39323233313364633065623066643831316330303633383535623039396437326435366238303764
3530646138353838380a333039396366393234656265666333376665396365386433396166623734
38376137643533646133343735303463336161363665393235643339323938643431376662323933
39353738316132326132646237616563306630613433323136386565663738666263633564623130
61386134656565666632613131653636346562613034393364336462663238623330333337396139
35346263376630303665656631323738356538353136616330333730336634626263383932653862
37393832623130346263653638623364323364333531333661343562633336646436346532656231
32303936646334383365363363316361633730316332373838323564313935333564363564366564
34303132636362303964653734346431616537333266346630373837623039303461306164613063
33643964373731663966653231386333306533303139376231396635306538623864616632633938
65643738366566666436353635633463613734373231666530656536326332313865356461663735
32386535333037626538663133376135623663666465383464376532376436323630666166633261
35623364656138306562626362336432666333333636343738376161336335336135373436633463
32313736383138663765643463343263333961633134663661303461666633346130366661343464
6162
