$ANSIBLE_VAULT;1.1;AES256
36616135616662653833346264383836656132623138386632653063353031646636363338656632
3835353163633363363763346563656562346332336631310a646334636166333132313963396631
63646234303934386462626332343432386630386461343838333963613339353535623562353833
3232613330376465360a666333343739363531633664633439616339363333306664616366323364
31306435366463383539633934613432306239343762646632373966646330623562353135636532
33646335373237346331636139313135383336643634343639653261376331306335396638363363
38353236326138353535623231663432656539636132393937333461623462376264653535643764
32383930653035316162336265396261663365316163303131623163393137373935616661373930
63313635373630336433666464303431383265346165356231363631303939333231336336323261
37396436636434333434316539386333383663626439383666373937396465373334346162356561
32393035326436383734333833336464363536346633313937303631613936356461626433653239
61373438663232613061646436363237343436633139366362626530623831313732396265376333
62623738396464363134393032643662303735646236326434393236323262373665333230303237
63663839313966393036356534336434306532656262666666343238303536303266313034633063
33613033636231653633613335316335656537306335326432383636363062613637373066393739
33303736386333386637353235346165386438353563663339393161613264393737343534363061
31353834396235646264623964616535663964623931383762663763373131643732303930346665
63313937353463393536306166396536633062663865623965616234343538333066653336363238
30346536373937303234353263356361383735326165306536356131323438343861613836353937
38343866396436306531356563373832316435336136343936343535343637393639376535356539
61643863643564343266346561623534653564373561303037323631306538363336326235306664
36366532323866343338393137633037363062303731633561613033396638396530396566613036
35343637636565663037303734643666643164666366663436353932336634333936353536386362
61396239666234376238656262623934643063373032323538373666666534343662376638623039
38633264656566653637396531316131383765323362373665373837643739383661643931653438
35653861646330386539353232326536633362333462373566373963316335316535376466313439
38373965373438306632613961363061336563633636643038353162343063393837393039613336
39656537656462653637373634626438376461666666656237366633373131366464336334633331
31303865666461363963386536356134666661336332353538666532336561343961663934366436
64346362643738666565626662636466643933623832373231316438363261373131313237303434
33393436303162353632633637333962356439653465336262623733346463656136626535633132
65623563663766353137363035616138343266626235363937613763613266323636646661336136
62386239343632306638323435343961383534313366323161366631623936316136633763336131
31346638313563343566383734366638333762376631643035396463616338386466653461313534
65383362313039393838613861356331613665613565316230643231343033656538336564653930
36653036663339373861643661643039656564323136633162613338353033623764653237653935
64656430653239313030643562613633646132383962316636376266313033663932316335313833
33623362316137346365613536356662353162646666336330316363396362663834353133363861
34663865346134626636313661663564646435616266663762396664656530613430656238386233
38613265373936623361326430326238366363356635326433346366623037643030656436366430
38306237353864653234613565336463393038613263353464663832373138373265623338626266
62336433653263313635383363653735393732363839376162303831316239353235383965306166
32333633373039363631363730323936363834333230393061393330303732386435326532623836
30316334326238366134383432353036613535313033353063313933353132343534363637363163
61646434383936653562656439613566386438353330656636363262613766666663383639356330
62656566386333656632653338626630303437306365343832623334656530643433326433393561
65303333653731343635353439313832623930666361646537313237643038633238666361663639
37343437653934616632333565663738623634643836363336623764666438383262643233333465
34393964333838333032376239383237666335656162373436373636353939663833623930653538
34323938376462343164633034643462316665633638356631366438623433346438633835336537
34313363623932306534346130653430646538653661626662316264666430373162326461386330
35623666353738383833666436646638366164343465643434626166383362653934633138303931
31346265663734376437653037383531356434626339646161656236666164303038343437623663
61353461393736323035623231663131393736656130363134653630633730346534623031613738
36366332396635373665646531363063663933366135303735653561343535666431336530653234
62633535313732643864643636326532323630363738663737343333663530303361643334306334
63343838383066386430633461666232636537623139626333613838633236646464656366666237
33303930386364653137646533623433326333343461306666323034303965663139383430346562
66333332303832636436383837323962343836343563393535666262393639303930636336303935
66303636393366633635333036346635643764643964663933656365343731363737616361633830
34386137363132613237373430656636613731373331323830393431613532333433333931356131
35306566633263613433313931306264396463313366633564303661306239383330386539316636
37306664633134306164303261393265303139643938373562653062353634623061633266386336
64393864643562326264373135646638666533636663666137656361383237303230313864646130
31373163643263343934333065373736366264393262393835353431373430646163323634373231
38656463336464383037356461353333383161353732656665353938356435323761643264313633
61623332333865336330616337323262383035656163373763623536646139383063356361616435
64353430333639363633303134396431373763396466386333653261336438666433316338383862
63646363353634616435313638333930653535316361666163356362613561376637333939346166
65366137343230653935623638303839373164383362613039643737623166316339373763386463
66376435346162363162376665356165346239373466616237656233333034633831623066326336
33623234323935313237376434373663633030383636633962633731303139636436326166303038
66323437306463626230386361336636376564623238373930653736303935303833386434373130
64373533626332613966363661303832346337303837666563633433323236363739666231366137
62333466383934363532653834326264366431396362653938666138353238316663363937373735
63333963623334316239623834313632366635356239623636626537643335323265636430663661
62393061303435353063363437333461656534393334316539366234336266366430346432393064
37646533303833653765323039343361663163383235626634363264316139333163636330646566
62633737613238323663303033356137636461303833386365366439383534396239396333633938
36323639353562326639303333633237383162653665366366313436306662313636393036383132
39356463633262633632623936343039393835353533633865343965393166363966353265396365
66373462356565336331356663623536613933343861356330333764363839653663386339316239
65633633616630396433383464616639396364393330613933336534643436616338393563613861
61383162346532333462663131323364376539663864386537613035303738623663623966303036
31336361333238646265666661643833636561656263303835653635613064663338336431383532
31306164636133626134393863343466663436613433376631393133343736626235653238383036
35633936313765343536313861366338303331626161323532343436356165333764356633363432
34393935313336646536
